243 432 0
252 40 0
179 448 0
18 421 0
356 224 0
301 313 0
357 106 0
295 297 0
496 130 0
226 183 0
43 327 1
352 465 0
275 358 1
130 402 0
39 412 0
34 446 0
318 260 0
70 52 0
238 442 0
182 309 0
482 142 0
331 253 0
418 333 0
213 405 0
170 378 0
84 363 1
453 453 0
261 344 1
122 288 0
401 158 0
180 347 0
203 353 0
90 471 0
288 336 0
121 383 0
284 183 0
288 484 0
269 210 0
17 419 0
139 247 0
115 410 1
335 130 0
173 360 0
304 359 0
304 169 0
307 466 0
47 97 0
12 306 0
362 497 1
447 440 0
226 407 0
173 491 0
427 187 0
348 328 0
344 233 0
295 468 0
128 145 0
94 126 0
16 427 1
249 338 0
424 204 1
394 398 0
440 453 0
187 353 0
300 484 0
240 179 0
160 488 0
467 150 0
245 128 1
187 419 0
269 210 0
384 339 0
371 394 0
374 460 1
80 8 1
330 431 0
235 468 0
74 303 0
169 146 0
334 390 0
318 260 0
336 344 1
79 368 0
365 143 0
461 335 0
49 75 0
369 308 0
192 393 0
493 277 0
183 312 0
404 150 0
126 354 0
228 413 0
194 241 0
246 350 0
9 329 0
55 248 0
211 315 1
86 339 0
482 142 0
