1;11;
2;10;
3;13;
4;11;
5;10;
6;1;
7;18;
8;6;
9;11;
10;7;
11;10;
12;10;
13;17;
14;3;
15;8;
16;14;
17;0;
18;10;
19;12;
20;16;
21;13;
22;13;
23;5;
24;5;
25;14;
26;17;
27;4;
28;13;
29;0;
30;11;
31;6;
32;2;
33;11;
34;19;
35;16;
36;2;
37;11;
38;10;
39;1;
40;3;
41;14;
42;6;
43;4;
44;11;
45;0;
46;4;
47;7;
48;18;
49;2;
50;13;
51;14;
52;2;
53;0;
54;1;
55;0;
56;12;
57;0;
58;0;
59;17;
60;1;
61;14;
62;5;
63;12;
64;14;
65;8;
66;11;
67;11;
68;11;
69;14;
70;14;
71;3;
72;19;
73;11;
74;3;
75;14;
76;11;
77;13;
78;6;
79;19;
80;5;
81;11;
82;15;
83;0;
84;1;
85;17;
86;6;
87;18;
88;4;
89;19;
90;17;
91;7;
92;14;
93;1;
94;11;
95;6;
96;5;
97;18;
98;16;
99;11;
100;1;
101;11;
102;0;
103;11;
104;11;
105;14;
106;15;
107;3;
108;17;
109;0;
110;11;
111;17;
112;3;
113;1;
114;0;
115;14;
116;1;
117;11;
118;6;
119;0;
120;10;
121;7;
122;9;
123;19;
124;3;
125;12;
126;4;
127;0;
128;4;
129;4;
130;0;
131;19;
132;0;
133;17;
134;0;
135;11;
136;15;
137;17;
138;17;
139;11;
140;2;
141;15;
142;0;
143;13;
144;15;
145;14;
146;18;
147;4;
148;14;
149;4;
150;5;
151;19;
152;8;
153;11;
154;11;
155;10;
156;14;
157;17;
158;17;
159;2;
160;0;
161;7;
162;6;
163;18;
164;1;
165;10;
166;17;
167;0;
168;15;
169;10;
170;16;
171;8;
172;7;
173;15;
174;5;
175;2;
176;3;
177;0;
178;0;
179;14;
180;5;
181;1;
182;0;
183;3;
184;12;
185;4;
186;16;
187;14;
188;3;
189;6;
190;6;
191;6;
192;17;
193;11;
194;18;
195;3;
196;13;
197;13;
198;2;
199;13;
200;0;
201;13;
202;8;
203;2;
204;4;
205;7;
206;2;
207;12;
208;17;
209;8;
210;14;
211;15;
212;8;
213;1;
214;4;
215;0;
216;14;
217;0;
218;6;
219;0;
220;12;
221;11;
222;0;
223;2;
224;8;
225;19;
226;11;
227;1;
228;2;
229;4;
230;2;
231;7;
232;3;
233;14;
234;15;
235;14;
236;9;
237;18;
238;19;
239;18;
240;8;
241;2;
242;14;
243;14;
244;11;
245;11;
246;11;
247;14;
248;11;
249;11;
250;1;
251;6;
252;17;
253;4;
254;17;
255;14;
256;10;
257;11;
258;2;
259;11;
260;19;
261;6;
262;2;
263;0;
264;9;
265;1;
266;19;
267;14;
268;14;
269;4;
270;2;
271;17;
272;3;
273;10;
274;2;
275;14;
276;11;
277;5;
278;4;
279;0;
280;4;
281;2;
282;6;
283;0;
284;1;
285;0;
286;11;
287;3;
288;12;
289;0;
290;14;
291;11;
292;10;
293;13;
294;13;
295;14;
296;19;
297;8;
298;1;
299;6;
300;10;
301;11;
302;17;
303;11;
304;2;
305;0;
306;0;
307;11;
308;15;
309;3;
310;14;
311;13;
312;15;
313;12;
314;2;
315;14;
316;10;
317;6;
318;15;
319;0;
320;11;
321;8;
322;11;
323;11;
324;2;
325;13;
326;18;
327;11;
328;18;
329;17;
330;8;
331;1;
332;11;
333;15;
334;12;
335;1;
336;3;
337;3;
338;4;
339;12;
340;17;
341;2;
342;10;
343;17;
344;4;
345;4;
346;0;
347;11;
348;2;
349;15;
350;11;
351;17;
352;10;
353;11;
354;4;
355;11;
356;16;
357;1;
358;17;
359;11;
360;15;
361;11;
362;16;
363;11;
364;17;
365;12;
366;2;
367;11;
368;11;
369;11;
370;13;
371;14;
372;2;
373;10;
374;1;
375;14;
376;10;
377;11;
378;3;
379;15;
380;14;
381;6;
382;17;
383;18;
384;15;
385;13;
386;3;
387;1;
388;0;
389;9;
390;9;
391;11;
392;13;
393;11;
394;6;
395;0;
396;17;
397;11;
398;0;
399;0;
400;5;
401;16;
402;14;
403;0;
404;10;
405;16;
406;17;
407;14;
408;11;
409;18;
410;5;
411;14;
412;14;
413;17;
414;0;
415;17;
416;2;
417;10;
418;10;
419;12;
420;17;
421;10;
422;14;
423;15;
424;4;
425;11;
426;17;
427;17;
428;11;
429;11;
430;3;
431;12;
432;14;
433;6;
434;2;
435;14;
436;5;
437;10;
438;19;
439;5;
440;0;
441;13;
442;11;
443;3;
444;4;
445;13;
446;17;
447;6;
448;14;
449;12;
450;8;
451;11;
452;6;
453;11;
454;15;
455;18;
456;11;
457;2;
458;13;
459;11;
460;10;
461;11;
462;2;
463;16;
464;13;
465;0;
466;11;
467;14;
468;14;
469;17;
470;0;
471;11;
472;11;
473;11;
474;1;
475;0;
476;11;
477;2;
478;0;
479;14;
480;15;
481;15;
482;2;
483;3;
484;11;
485;8;
486;17;
487;14;
488;13;
489;15;
490;5;
491;9;
492;17;
493;14;
494;19;
495;14;
496;2;
497;11;
498;13;
499;0;
500;6;
501;11;
502;11;
503;9;
504;9;
505;10;
506;15;
507;2;
508;12;
509;6;
510;0;
511;11;
512;0;
513;18;
514;0;
515;7;
516;4;
517;11;
518;9;
519;0;
520;1;
521;11;
522;14;
523;19;
524;17;
525;5;
526;12;
527;12;
528;11;
529;19;
530;14;
531;2;
532;11;
533;7;
534;11;
535;8;
536;14;
537;14;
538;3;
539;19;
540;14;
541;2;
542;11;
543;3;
544;10;
545;11;
546;1;
547;17;
548;13;
549;3;
550;2;
551;0;
552;0;
553;17;
554;3;
555;8;
556;8;
557;9;
558;9;
559;1;
560;11;
561;14;
562;19;
563;4;
564;15;
565;3;
566;11;
567;14;
568;17;
569;14;
570;14;
571;6;
572;17;
573;15;
574;17;
575;12;
576;1;
577;2;
578;6;
579;14;
580;11;
581;0;
582;11;
583;17;
584;11;
585;7;
586;11;
587;0;
588;2;
589;12;
590;17;
591;4;
592;11;
593;8;
594;17;
595;0;
596;6;
597;0;
598;4;
599;2;
600;0;
601;5;
602;10;
603;0;
604;17;
605;14;
606;0;
607;16;
608;0;
609;2;
610;11;
611;7;
612;14;
613;4;
614;17;
615;17;
616;3;
617;9;
618;2;
619;11;
620;2;
621;11;
622;0;
623;8;
624;11;
625;0;
626;11;
627;14;
628;0;
629;10;
630;16;
631;2;
632;11;
633;0;
634;14;
635;0;
636;17;
637;0;
638;17;
639;4;
640;11;
641;11;
642;2;
643;3;
644;15;
645;0;
646;2;
647;17;
648;17;
649;11;
650;17;
651;15;
652;0;
653;1;
654;2;
655;16;
656;17;
657;10;
658;0;
659;14;
660;11;
661;0;
662;7;
663;0;
664;14;
665;6;
666;18;
667;12;
668;9;
669;0;
670;13;
671;0;
672;19;
673;17;
674;2;
675;0;
676;0;
677;0;
678;17;
679;2;
680;12;
681;4;
682;0;
683;7;
684;11;
685;4;
686;14;
687;16;
688;5;
689;0;
690;3;
691;14;
692;14;
693;16;
694;15;
695;13;
696;15;
697;0;
698;10;
699;0;
700;11;
701;4;
702;0;
703;14;
704;4;
705;2;
706;11;
707;4;
708;16;
709;0;
710;11;
711;2;
712;2;
713;10;
714;14;
715;11;
716;5;
717;11;
718;13;
719;10;
720;19;
721;8;
722;16;
723;1;
724;1;
725;11;
726;5;
727;11;
728;1;
729;11;
730;2;
731;8;
732;10;
733;10;
734;10;
735;16;
736;9;
737;0;
738;13;
739;13;
740;8;
741;13;
742;3;
743;0;
744;12;
745;13;
746;14;
747;0;
748;6;
749;0;
750;6;
751;10;
752;15;
753;15;
754;4;
755;8;
756;10;
757;11;
758;11;
759;2;
760;10;
761;11;
762;6;
763;3;
764;8;
765;11;
766;0;
767;17;
768;6;
769;1;
770;11;
771;11;
772;13;
773;11;
774;11;
775;1;
776;12;
777;15;
778;3;
779;11;
780;15;
781;11;
782;5;
783;12;
784;18;
785;14;
786;8;
787;2;
788;18;
789;0;
790;11;
791;14;
792;0;
793;11;
794;14;
795;0;
796;9;
797;10;
798;9;
799;19;
800;0;
801;13;
802;6;
803;18;
804;17;
805;10;
806;12;
807;16;
808;3;
809;4;
810;10;
811;8;
812;11;
813;2;
814;0;
815;0;
816;0;
817;11;
818;12;
819;18;
820;11;
821;14;
822;4;
823;6;
824;0;
825;17;
826;6;
827;8;
828;12;
829;13;
830;15;
831;0;
832;11;
833;13;
834;0;
835;16;
836;18;
837;5;
838;11;
839;8;
840;18;
841;17;
842;13;
843;12;
844;14;
845;17;
846;12;
847;11;
848;17;
849;2;
850;13;
851;0;
852;18;
853;13;
854;2;
855;7;
856;4;
857;5;
858;17;
859;10;
860;10;
861;2;
862;1;
863;11;
864;0;
865;6;
866;0;
867;11;
868;0;
869;11;
870;11;
871;1;
872;2;
873;19;
874;3;
875;2;
876;0;
877;0;
878;8;
879;5;
880;11;
881;12;
882;14;
883;7;
884;17;
885;10;
886;11;
887;2;
888;3;
889;11;
890;11;
891;19;
892;0;
893;11;
894;17;
895;4;
896;13;
897;0;
898;12;
899;0;
900;15;
901;1;
902;19;
903;14;
904;2;
905;0;
906;7;
907;10;
908;4;
909;8;
910;1;
911;9;
912;15;
913;11;
914;10;
915;1;
916;14;
917;2;
918;3;
919;0;
920;5;
921;2;
922;5;
923;11;
924;0;
925;2;
926;1;
927;0;
928;11;
929;3;
930;2;
931;17;
932;17;
933;11;
934;17;
935;17;
936;0;
937;17;
938;9;
939;2;
940;6;
941;11;
942;4;
943;11;
944;14;
945;6;
946;14;
947;14;
948;8;
949;5;
950;14;
951;2;
952;11;
953;11;
954;6;
955;9;
956;17;
957;8;
958;8;
959;8;
960;14;
961;14;
